$LXWP0,N,13.3,21.0,0.03,0.03,0.03,0.03,0.03,0.03,,,*6F
$LXWP0,N,13.3,21.2,0.02,0.02,0.02,0.02,0.02,0.02,,,*6D
$LXWP0,N,13.3,21.1,0.02,0.02,0.02,0.02,0.02,0.02,,,*6E
$LXWP0,N,13.2,21.1,0.02,0.02,0.02,0.02,0.03,0.03,,,*6F
$LXWP0,N,13.2,21.0,0.04,0.04,0.04,0.05,0.05,0.05,,,*6F
$LXWP0,N,13.1,21.0,0.06,0.06,0.06,0.06,0.06,0.06,,,*6D
$LXWP0,N,13.1,21.0,0.06,0.05,0.05,0.05,0.05,0.04,,,*6F
$LXWP0,N,13.1,21.1,0.04,0.04,0.04,0.04,0.03,0.03,,,*6C
$LXWP0,N,13.0,21.1,0.03,0.03,0.03,0.03,0.03,0.03,,,*6D
$LXWP0,Y,13.0,21.3,0.02,0.02,0.02,0.02,0.02,0.02,,,*78
$LXWP0,N,13.1,21.0,0.02,0.02,0.02,0.02,0.02,0.03,,,*6C
$LXWP0,N,13.1,21.0,0.03,0.03,0.03,0.02,0.02,0.02,,,*6C
$LXWP0,N,13.1,21.1,0.02,0.02,0.02,0.02,0.02,0.03,,,*6D
$LXWP0,N,13.1,21.1,0.03,0.03,0.03,0.02,0.02,0.02,,,*6D


0.0 19 14
1.008249 19 15
2.017132 18 15
2.993686 18 15
4.002207 18 15
5.074751 18 14
6.084042 18 15
7.076684 18 15
8.005311 18 14
9.013343 18 15
10.00592 18 15
10.999052 18 14
11.99248 18 14
13.00019 19 14
14.009017 19 14
15.066126 18 15
16.026398 19 15
17.050747 19 15
17.291111 19 15
19.004593 19 15
19.997331 19 15
21.005542 19 15
21.998787 18 15
23.007351 18 15
23.999814 18 15
24.992519 18 15
26.065148 18 15
27.057439 18 15
28.002031 18 15
28.995276 18 15
30.003396 18 15
31.012191 18 15
31.989279 18 15
32.998009 19 15
34.006033 27 15
34.999298 29 15
36.071857 39 15
37.064251 51 15
37.304537 34 15
39.01823 25 15
40.010531 21 15
41.003082 19 15
42.011848 19 15
43.004795 19 15
43.997473 18 15
44.990119 18 15
46.030938 18 15
47.07094 20 15
48.01605 67 15
49.040333 74 15
50.017453 76 15
50.993932 77 15
52.002411 77 15
53.011502 77 15
54.003545 77 15
54.996412 77 15
56.00474 77 15
57.254022 77 15
57.494102 77 4
59.031632 77 5
59.99227 77 6
61.000631 77 7
62.041522 77 9
63.001521 77 10
63.994752 74 11
65.00303 66 12
65.996262 63 14
67.004289 61 15
68.045136 61 15
69.021837 61 15
69.998606 60 15
71.007582 59 15
72.000314 42 15
73.024425 28 15
74.001208 23 15
75.026147 20 15
76.018675 19 15
77.011078 19 15
77.251156 19 15
79.060437 19 15
80.037642 19 15
81.046098 19 14
82.006341 19 14
82.999639 19 14
84.008082 19 14
85.016517 19 14
86.009724 19 14
87.002094 19 14
87.99453 19 14
89.035288 19 15
90.01199 19 15
91.004331 19 15
91.997578 19 15
92.99049 19 15
93.99832 19 16
95.007252 19 16
96.000299 19 15
96.992697 19 15
97.23319 19 15
99.074359 19 15
100.050756 19 15
101.011134 19 15
102.004021 19 15
103.013113 18 14
104.00605 18 14
104.998243 18 14
105.990985 18 15
106.999844 18 15
107.992419 18 15
108.985276 18 15
110.074181 18 15
111.082698 18 15
112.058627 18 15
113.003449 18 15
113.996219 18 15
114.989116 18 16
115.997813 18 16
117.022399 19 16
117.262346 19 16
118.991632 19 16
120.064667 19 16
121.025424 18 16
122.033926 18 16
123.02627 18 16
124.01898 18 15
124.995868 19 15
126.00466 19 15
126.997184 19 15
127.990404 19 15
128.998359 19 14
130.006545 19 14
131.063758 19 14
132.00929 19 14
133.017122 19 14
134.009502 19 14
135.002554 19 14
135.995042 19 14
137.003876 19 14
137.244424 19 14
137.996414 19 14
139.020947 19 14
139.997727 19 14
141.038348 18 15
142.030959 18 15
143.007956 18 15
144.000764 19 15
145.008853 19 15
146.017732 19 14
146.994468 19 14
148.002732 19 14
148.996106 18 15
150.020023 18 14
150.997136 19 14
152.022208 19 14
153.014174 18 14
154.006811 18 14
155.01576 18 14
156.024045 18 14
157.001873 18 14
157.241643 18 14
159.002639 18 14
160.010938 18 14
161.05161 18 14
162.076191 18 14
163.021053 19 14
164.013627 18 14
165.00725 18 14
166.014877 18 15
167.023768 18 15
168.016371 18 15
169.009836 19 14
170.14593 19 14
171.058289 20 15
172.050946 20 15
173.027945 20 15
174.005053 20 15
175.012852 19 15
176.006182 19 14
177.014836 19 14
177.270459 19 14
179.031532 19 14
180.088845 18 14
181.017313 18 14
182.042209 18 14
183.050787 18 14
184.059194 19 14
185.004841 19 15
186.013036 19 15
187.006188 19 15
188.013987 19 15
189.00688 18 15
189.999467 18 15
191.007961 18 15
192.001064 18 15
192.993571 19 15
194.018445 19 15
195.026628 20 15
196.164221 20 15
197.204273 21 15
197.444537 21 15
199.334154 20 15
200.150271 20 15
201.254997 20 15
202.359538 20 15
203.032206 20 15
204.13716 20 15
224.631138 20 16
225.079366 23 15
226.023446 23 16
227.032992 23 16
228.009134 23 16
229.002076 22 16
230.010271 22 16
231.003335 22 16
232.011647 21 16
233.004929 20 16
233.997274 20 16
235.054063 21 16
236.030635 20 16
237.039405 20 16
237.2797 21 16
238.992647 21 16
240.001269 21 15
241.009803 19 15
242.002346 19 15
242.995529 20 15
244.003479 21 15
244.996307 21 15
246.037151 20 15
247.061788 19 15
247.990989 19 15
248.999717 19 15
249.992357 19 15
251.000901 19 15
251.993707 19 15
253.002182 19 16
254.010557 20 16
255.00332 20 16
256.076304 20 16
257.068773 20 16
257.309147 20 15
259.022266 20 15
260.014467 20 15
261.00703 19 15
262.000342 19 15
263.02432 19 15
264.001396 19 15
265.009977 19 15
266.002696 19 15
267.027532 18 15
268.019945 18 15
269.029012 17 15
270.021286 17 15
270.998129 17 15
272.006689 18 15
272.99915 19 15
273.9923 20 15
275.001045 20 15
276.009148 20 15
277.034481 20 15
277.274303 19 15
278.026688 19 15
279.035755 19 16
280.027905 20 15
281.005058 19 15
281.997471 17 15
283.005816 18 16
283.999114 19 15
284.991609 20 15
285.999939 19 15
287.00856 19 15
288.049474 19 15
289.010269 19 15
290.034824 19 15
290.995575 19 15
292.004235 20 15
292.996814 19 15
294.005004 19 15
294.998193 20 15
295.990972 20 16
296.999066 20 16
297.239378 20 15
299.065224 20 15
300.041364 19 15
301.001956 19 15
302.010737 19 14
303.019194 19 14
304.011712 19 14
305.004766 19 14
305.997626 19 14
307.005925 19 15
308.046498 19 15
309.039011 19 15
310.048151 19 15
311.008263 19 16
312.017325 19 15
313.009844 19 15
314.018428 19 15
315.027029 18 16
316.004112 19 16
317.012231 20 15
317.252647 19 15
319.077747 19 15
320.054835 19 15
320.999691 20 15
322.008016 19 15
324.009008 19 15
325.002296 20 15
325.994939 19 15
327.003239 19 15
327.996205 19 15
329.068865 19 15
330.061762 20 15
331.054843 20 15
331.99902 20 15
333.02306 19 15
334.000579 19 15
335.008457 20 15
336.001251 19 15
337.009768 19 15
337.249968 19 15
338.994976 19 15
340.035818 19 15
341.013049 19 14
344.919524 19 15
347.176963 19 15
347.993784 19 15
349.001731 19 15
349.994923 19 15
351.06709 19 15
352.044234 18 15
353.03661 18 14
354.013102 18 15
355.00622 18 15
355.99885 18 15
357.006823 18 15
357.24715 18 15
358.992818 19 15
363.043119 18 16
364.020436 18 16
364.996796 18 16
366.004945 18 16
366.998034 19 16
368.022321 18 16
368.999092 18 16
369.991965 18 16
371.091408 18 16
372.057463 18 16
373.082099 18 16
374.02687 18 16
375.019268 18 16
375.996045 19 16
377.004226 19 16
377.244544 19 16
378.990415 19 15
379.99867 19 15
380.991517 18 15
382.064471 18 16
383.056985 19 16
384.049029 19 15
385.026074 19 15
386.002948 19 15
386.995641 19 15
388.004083 18 15
388.996513 18 15
390.005714 19 15
390.998067 19 16
392.039154 19 16
393.031457 19 15
394.040554 19 15
395.032684 18 15
395.994108 18 16
397.002127 18 15
397.24202 18 15
399.003006 18 16
399.996222 18 16
401.0204 18 15
401.981995 18 15
402.990161 18 15
404.078782 18 15
405.039319 18 16
406.016402 18 16
407.008505 18 16
408.001309 18 16
408.993709 18 15
409.987011 18 15
410.979629 18 16
412.00404 18 16
413.076482 18 16
414.053734 18 16
415.062909 18 16
415.991005 19 16
416.999119 19 16
417.239678 19 16
419.000604 19 16
419.993437 19 16
420.986276 19 16
421.99452 19 16
422.987385 19 15
423.99591 18 15
425.052914 18 15
426.045183 18 15
427.022467 18 15
427.982892 18 15
428.975871 18 15
429.984518 18 15
431.152949 18 15
431.985481 18 15
432.99401 18 15
434.002744 19 16
434.979709 19 16
436.068345 18 15
437.029026 18 15
437.269278 19 16
438.998551 19 15
439.975181 19 15
440.999462 19 15
441.976621 18 15
442.984979 18 15
443.993374 18 15
444.986114 18 15
446.026768 18 16
447.035725 19 15
448.012688 18 16
449.005176 17 16
449.997839 17 16
450.990072 18 16
451.998649 18 16
452.991394 19 16
454.000186 19 16
454.977196 19 16
456.049705 19 16
457.010402 19 16
457.25065 19 16
458.995969 19 16
459.988679 19 16
460.996739 19 16
461.989555 19 17
462.982522 19 16
464.006827 19 16
464.984069 19 16
465.99216 19 16
467.017274 19 16
467.994536 19 16
469.002645 19 16
469.995494 19 16
471.019542 19 16
471.981188 19 16
472.988858 19 15
473.982074 19 15
474.990346 19 15
475.983491 19 15
477.039912 19 15
477.280676 19 15
479.025383 19 15
480.017782 19 15
480.995013 19 15
481.987436 19 16
482.995978 19 16
483.988539 19 15
484.997387 19 16
485.990085 19 16
486.982849 19 16
488.023521 19 16
489.0325 19 16
490.024588 19 16
491.002008 19 16
491.99445 19 16
492.986911 18 17
493.996017 18 17
494.988457 18 17
496.012792 18 17
496.990095 18 17
497.230387 19 17
499.007337 19 17
500.031716 19 17
501.008878 19 16
501.98555 19 17
502.993696 18 16
503.986475 18 16
504.99557 18 17
506.003707 18 17
506.981156 18 17
508.054287 19 16
509.046395 19 17
510.038876 18 17
511.015572 18 17
512.008127 18 16
513.03269 19 16
513.993573 19 16
514.986536 19 16
515.994801 19 16
516.98864 19 15
517.243621 19 16
519.053451 19 16
520.045879 19 15
521.022855 19 15
521.983505 20 15
522.992273 20 15
524.00037 20 15
524.993714 19 16
525.986475 19 15
526.994852 20 16
527.987736 20 15
529.060395 20 15
530.052778 20 15
531.045643 19 15
532.022257 19 15
532.998708 18 15
533.991367 18 15
535.032963 19 15
535.993852 19 15
536.985944 19 15
537.226245 19 16
538.988085 19 15
540.06011 19 15
541.052485 19 16
542.02937 19 16
543.006288 19 16
544.127053 19 16
544.991687 19 16
545.984801 19 16
547.00912 19 16
547.985767 18 16
548.978508 18 16
549.98717 18 16
551.012119 18 16
552.004608 18 16
553.013479 18 16
554.005724 19 16
554.983038 19 16
555.991536 18 15
556.984461 18 15
557.240287 18 15
558.985832 18 15
559.994152 18 16
561.066692 18 15
562.04369 18 15
562.988432 18 15
564.013077 18 16
564.989965 18 16
565.998199 18 16
566.991471 18 15
568.000027 18 15
568.992897 18 15
569.985624 18 15
571.058784 18 15
572.050842 18 15
573.027754 18 15
573.989036 18 15
575.012805 18 15
575.989549 18 15
576.998371 18 16
577.238662 18 16
578.999939 18 16
580.008647 18 16
580.985559 18 16
582.058199 18 16
584.667942 18 16
584.738308 18 16
585.14834 18 16
585.996984 18 16
588.622678 18 16
588.685133 18 17
589.183554 18 17
589.984004 18 16
590.977483 18 16
591.985411 18 16
593.105977 18 16
594.002623 18 16
594.995768 18 16
596.036485 18 16
596.981474 18 15
597.221679 18 15
599.014201 18 15
599.99104 18 15
600.999868 18 15
602.040461 18 15
603.018113 18 15
604.042034 18 15
604.986836 18 15
606.011248 18 15
606.988218 18 15
607.996571 18 15
608.989456 18 15
609.982653 18 15
610.991099 18 15
611.984144 18 15
613.024792 18 16
614.03304 18 15
614.993974 18 16
616.019099 18 15
617.011266 18 16
617.252328 18 16
618.996468 18 16
619.989435 18 16
620.982321 18 16
621.991039 18 16
623.032492 18 16
624.024456 18 16
625.033433 18 16
625.994331 18 16
626.986701 18 16
638.963529 18 16
748.817776 18 16
750.402224 18 16
751.987869 18 16
753.732742 18 17
769.439547 18 17
772.705743 18 16
774.355036 17 16
775.94006 18 16
782.232379 18 17
783.81731 18 17
785.38691 18 17
786.971979 18 17
787.099893 18 16
787.172627 18 16
787.197679 18 16
787.235626 18 16
787.296783 18 16
787.297909 18 16
787.35928 18 16
787.360436 18 16
787.980771 18 16
789.069175 18 17
789.982142 18 16
791.022884 18 16
792.047696 18 16
793.008099 18 16
794.049068 18 16
794.993435 18 16
795.986414 18 16
796.994792 19 16
797.23544 19 16
798.980507 19 16
800.005123 18 16
800.981591 18 16
802.022721 19 16
803.046813 19 17
804.024054 18 17
804.984751 18 17
805.992915 18 17
806.985837 18 17
811.116899 19 17
811.185503 19 17
811.251223 18 17
812.973705 18 17
813.053704 18 17
813.123354 18 17
826.663046 18 16
826.791229 18 17
826.853253 18 17
826.855374 18 17
826.921851 18 17
826.982281 18 17
826.983743 18 17
827.036626 19 17
827.051838 19 17
827.116309 18 17
828.168308 18 17
830.553913 18 17
830.61799 18 17
830.986043 18 17
894.757665 17 17
915.203503 20 16
916.82114 19 17
942.021246 19 17
943.606395 19 17
945.191403 19 16
946.776936 19 16
948.361924 19 17
949.946793 19 17
951.532379 18 16
953.117017 20 16
953.245049 19 17
953.3228 19 17
953.323972 19 17
953.383364 19 17
953.44595 19 17
953.447363 19 17
953.453201 19 17
953.524175 19 17
953.981631 19 17
954.99001 20 16
955.999083 20 17
956.975834 20 16
957.231351 21 16
959.025137 20 17
960.017245 20 17
960.994434 19 17
962.01879 19 17
962.995175 18 17
1297.262073 18 17
1297.545834 18 17
1299.247366 19 16
1300.224444 19 16
1301.217181 18 17
1302.225289 18 17
1303.218754 18 17
1304.299624 18 17
1305.219232 18 17
1306.228265 18 17
1307.252818 18 17
1308.26133 19 18
1309.254007 19 17
1310.246385 19 17
1311.223309 19 17
1312.232262 19 17
1313.224418 19 17
1314.217756 19 17
1315.225815 19 17
1316.218697 19 17
1317.259245 19 17
1317.499381 18 17
1319.260627 18 17
1320.221478 18 17
1321.229665 18 17
1322.222705 18 17
1323.231474 19 17
1324.223777 19 17
1325.216792 18 17
1326.304911 19 17
1327.265631 19 17
1328.386601 18 17
1329.331086 18 17
1330.244151 18 17
1331.220491 18 17
1332.260777 19 17
1333.221765 19 17
1334.214625 18 17
1335.222682 18 17
1336.231567 19 17
1337.224236 19 17
1337.464294 19 17
1339.27379 19 17
1340.282084 19 17
1341.226582 19 17
1342.363513 18 17
1343.228557 18 17
1344.237023 18 18
1345.213761 18 18
1346.222235 18 17
1347.21529 18 17
1348.223397 18 17
1349.24856 18 18
1350.240815 18 17
1351.233259 18 18
1354.019715 18 17
1354.081445 18 17
1354.211942 18 17
1355.220324 18 18
1356.228725 18 18
1357.317424 18 18
1357.557614 18 18
1360.904019 19 18
1360.976142 19 17
1361.368667 19 18
1381.189402 18 18
1381.256613 18 18
1381.282472 18 18
1381.319335 18 18
1381.382795 19 18
1381.383901 19 18
1381.452807 19 18
1381.453937 19 17
1381.515831 19 17
1382.214259 19 17
1383.222539 19 17
1384.215493 19 17
1385.224313 19 17
1387.785373 19 17
1387.85882 19 17
1388.33014 19 17
1389.211367 19 17
1390.33102 19 17
1391.244034 19 17
1392.236369 19 17
1393.261199 19 17
1394.22186 19 17
1395.214423 19 17
1399.345549 19 17
1411.945393 19 17
1412.007206 19 17
1412.009549 19 18
1412.07208 19 18
1412.096854 19 18
1412.133857 19 18
1412.196103 19 18
1412.232208 18 17
1412.259045 19 17
1413.946536 19 17
1414.018027 20 17
1414.21898 19 17
1416.780856 19 17
1416.850738 19 17
1417.228749 19 17
1417.532876 19 17
1419.390563 20 17
1420.287383 20 17
1421.263773 20 17
1424.09747 21 17
1424.164595 21 17
1424.230307 21 17
1425.330317 21 17
1426.226488 21 17
1427.235443 21 17
1428.212411 21 17
1429.220686 21 17
1430.34171 21 17
1431.221932 20 17
1432.263296 19 17
1433.239841 19 17
1434.232262 18 17
1435.256623 17 17
1436.217459 18 17
1437.21049 18 17
1437.466074 18 17
1439.211837 18 17
1440.412234 18 17
1441.213138 18 17
1442.221311 18 17
1443.27846 18 17
1444.238994 18 17
1445.247881 19 17
1446.256389 19 17
1447.23263 19 17
1448.273599 19 17
1449.217946 18 17
1450.211262 18 17
1451.2357 18 17
1452.212271 18 17
1453.220733 18 17
1454.293488 19 17
1455.27035 19 17
1456.215017 19 17
1457.224158 19 17
1457.479471 18 17
1459.336871 18 17
1460.21748 18 17
1461.226179 18 17
1462.218894 18 17
1463.291658 18 17
1467.534416 19 17
1467.593975 19 17
1467.656341 19 17
1467.657471 19 17
1468.222965 19 17
1469.215497 19 17
1470.208227 19 17
1471.216938 19 17
1472.225356 19 17
1473.218053 20 17
1474.211335 20 17
1475.331905 20 17
1477.829444 20 17
1477.899325 20 17
1477.916612 19 17
1485.498476 19 17
1485.575352 19 17
1485.576496 19 17
1485.640325 19 17
1485.642513 19 17
1495.089451 19 17
1495.15999 19 17
1496.754278 19 17
1496.81567 19 17
1496.842566 19 17
1496.881059 19 17
1496.943809 19 17
1497.106431 19 17
1497.172477 19 17
1497.233306 19 17
1497.295144 19 17
1500.644755 19 17
1500.705218 20 17
1500.729517 19 17
1501.220987 19 18
1502.214664 19 17
1503.206804 19 17
1504.215879 19 17
1505.223611 19 17
1506.312627 19 17
1507.241166 19 17
1508.266139 20 17
1509.242216 19 17
1510.235232 18 17
1511.212087 18 17
1512.22022 18 17
1513.213377 18 17
1514.221846 17 17
1515.214393 18 17
1516.303133 18 17
1517.28003 18 17
1517.53581 19 17
1519.24917 19 17
1520.226243 19 17
1521.218781 19 17
1522.211642 19 18
1523.219777 19 17
1524.212466 19 17
1525.221173 19 18
1526.294261 19 17
1527.286714 19 18
1528.455315 19 17
1529.223986 19 17
1530.21657 20 17
1531.209774 20 17
1532.233949 20 17
1533.210844 19 17
1534.267557 19 17
1535.212345 19 17
1536.236687 19 17
1537.293261 19 17
1537.533446 19 18
1539.230855 20 17
1540.239831 20 17
1555.706017 20 17
1555.774951 20 17
1555.800213 20 17
1555.837943 20 17
1555.904715 20 17
1555.905842 20 17
1555.966836 20 17
1555.967975 19 17
1556.251189 19 17
1557.210975 19 17
1559.020036 19 17
1559.245069 19 17
1560.253283 19 17
1561.213756 19 17
1562.20671 19 17
1563.214941 19 17
1564.224324 19 17
1565.216387 19 17
1566.209052 19 17
1567.217585 19 17
1568.258647 19 17
1569.250953 19 17
1570.228084 19 17
1571.220376 19 17
1572.213401 19 17
1573.221676 19 17
1574.278154 19 17
1575.207253 19 17
1576.280607 19 17
1577.208775 19 17
1577.448966 19 17
1579.321769 19 17
1580.25028 19 16
1581.259375 19 16
1582.251953 19 16
1583.244282 19 16
1584.220976 19 16
1585.23026 19 17
1586.222654 19 17
1587.215046 19 17
1588.20841 19 17
1589.216703 19 17
1590.241682 19 17
1591.282446 19 17
1592.226848 19 17
1593.219549 19 17
1594.212243 19 17
1595.268994 19 17
1596.21393 19 17
1597.222209 19 17
1597.462133 19 16
1599.223393 19 17
1600.248577 19 17
1601.241068 19 17
1602.233449 19 17
1603.226404 19 17
1604.219279 19 17
1605.211676 19 17
1606.22002 19 17
1607.213103 19 17
1608.205962 19 17
1609.326059 19 17
1610.223637 19 17
1611.279967 19 17
1612.27221 19 17
1613.217149 19 17
1614.209997 19 17
1615.218533 19 17
1616.211202 19 17
1617.235872 19 17
1617.475958 19 17
1619.221352 19 17
1620.213979 20 17
1621.302634 20 17
1622.279399 20 17
1623.256398 20 17
1624.248608 20 17
1625.209392 20 17
1626.233967 19 17
1627.211078 19 17
1628.219305 19 17
1629.228027 19 17
1630.220934 19 17
1631.21351 19 18
1632.26999 19 18
1633.487917 19 18
1634.25545 19 18
1635.232324 19 18
1644.054709 19 18
1645.736004 19 18
1647.336215 19 18
1647.44905 19 18
1647.520845 19 18
1647.573073 19 18
1647.589119 20 18
1647.59331 20 17
1647.658947 19 18
1647.714465 19 18
1647.729884 19 18
1648.201483 19 18
1649.306319 19 18
1653.420857 19 18
1653.497154 19 18
1653.500633 19 18
1653.565063 19 18
1654.269485 19 18
1655.214067 19 18
1656.239065 19 17
1657.215491 19 17
1657.455766 19 17
1659.216462 19 17
1660.209629 19 17
1661.202794 20 17
1662.210659 19 17
1663.283837 19 17
1664.244219 20 17
1665.220899 20 18
1666.21363 20 18
1667.206469 20 17
1668.21448 20 17
1669.208208 20 17
1670.216281 20 17
1671.209242 20 17
1672.217544 19 17
1673.290444 19 17
1674.251241 20 17
1675.22802 19 17
1676.252175 20 18
1677.213507 20 18
1677.453243 19 18
1679.214251 19 17
1680.207488 19 17
1681.215936 19 17
1682.240484 19 18
1683.217263 20 18
1684.20991 20 17
1685.25018 20 17
1686.227087 19 17
1687.21964 18 18
1688.212814 18 18
1689.205419 18 18
1690.214179 18 18
1691.207363 19 18
1692.214986 18 18
1694.777073 18 17
1694.844896 18 18
1695.27417 18 17
1696.233794 18 17
1697.274489 19 18
1697.482809 19 18
1699.324249 20 17
1700.236754 19 17
1701.261759 19 18
1702.237782 18 17
1703.21511 18 17
1704.207572 19 17
1705.248373 19 17
1706.272877 18 17
1707.265219 18 17
1708.226463 18 17
1709.203277 18 17
1710.211705 18 17
1711.236346 19 18
1712.213228 19 18
1713.205971 20 18
1714.230146 19 18
1715.207329 19 18
1716.247559 19 17
1717.272155 18 17
1717.51254 17 17
1719.226193 18 17
1720.218838 17 17
1721.227377 18 17
1722.20405 19 17
1723.21242 19 17
1724.221288 19 17
1725.198384 19 17
1726.287053 19 18
1727.279209 18 18
1728.224499 17 18
1729.232764 17 18
1730.226646 17 18
1731.202196 18 18
1732.35497 18 18
1733.219213 19 18
1734.211924 19 18
1735.205109 20 18
1736.309407 21 18
1737.238666 20 17
1737.49414 19 18
1739.25532 19 18
1740.21615 19 18
1741.209269 19 18
1742.217816 20 18
1743.210316 20 18
1744.218662 20 18
1745.227463 20 18
1746.204238 19 18
1747.245178 20 18
1748.253483 19 18
1749.246465 20 18
1750.23891 19 18
1751.21559 20 17
1752.224617 20 17
1753.217078 20 18
1754.209953 20 18
1755.218413 20 17
1756.211378 20 17
1757.204549 20 17
1757.459807 20 18
1759.365593 20 18
1760.22988 19 18
1761.238725 19 18
1762.231196 19 18
1763.223838 20 18
1764.216672 20 18
1765.225574 20 18
1766.218067 21 18
1767.210709 20 18
1768.267513 20 18
1769.244403 20 18
1770.252709 20 17
1771.21396 20 18
1772.222766 20 18
1773.231119 20 18
1775.776791 20 18
1775.845743 19 18
1776.209012 20 18
1777.202172 20 18
1777.457632 20 18
1779.282842 20 18
1780.260051 20 18
1782.805987 20 18
1782.8738 20 18
1783.206294 18 18
1784.358796 18 18
1785.44774 18 18
1786.232009 19 18
1788.777614 19 18
1788.845358 19 18
1789.290067 19 18
1790.283243 19 18
1791.259644 20 18
1792.284742 20 18
1793.212693 20 18
1794.221435 20 18
1795.230703 20 18
1796.222921 20 18
1797.248066 20 18
1797.455644 20 18
1804.965709 20 18
1805.041006 20 18
1805.100122 20 18
1805.104888 20 18
1805.166689 20 18
1805.231864 20 18
1807.927438 20 18
1807.996854 20 18
1808.215412 20 18
1812.33072 20 18
1812.399306 20 18
1812.465707 20 18
1812.467201 20 18
1814.892046 20 17
1814.962683 20 17
1815.212346 20 17
1816.221217 20 17
1817.213608 20 17
1817.453882 20 17
1819.215431 20 17
1820.288123 20 17
1821.216377 20 17
1822.257633 20 17
1823.249955 20 18
1824.227144 20 18
1825.267729 20 17
1826.212366 20 17
1827.20508 20 17
1828.213544 20 17
1830.775322 20 17
1830.843327 20 17
1831.240041 20 17
1832.408537 20 17
1833.209613 20 17
1834.234148 21 17
1835.242472 21 17
1836.203775 20 17
1837.211868 20 17
1837.452261 19 17
1839.213271 18 17
1840.206348 18 17
1841.199185 19 17
1842.271496 19 17
1843.264164 20 17
1844.432742 21 17
1845.23374 20 17
1846.210298 19 17
1847.267276 18 17
1848.211417 19 17
1850.773533 19 17
1850.8427 18 17
1851.221602 18 17
1852.198685 18 17
1853.271057 18 17
1854.248061 19 17
1855.240692 19 17
1856.232825 19 17
1857.20993 20 17
1857.450609 19 17
1859.211956 19 17
1860.204704 18 17
1861.212604 17 17
1862.253564 17 17
1863.27818 18 17
1864.223421 18 17
1865.247961 18 17
1866.224872 18 17
1867.201372 18 17
1868.209808 18 17
1870.771768 18 17
1870.834386 18 17
1871.22037 19 17
1872.325141 19 17
1873.300794 19 17
1874.262648 19 17
1875.302665 19 17
1881.018688 19 16
1882.603609 19 16
1882.666324 19 16
1882.667655 19 16
1882.730473 19 16
1882.793593 19 17
1883.212106 19 17
1884.237268 19 17
1885.277387 19 17
1886.254152 19 17
1887.279648 19 17
1888.207988 19 17
1889.200459 19 17
1891.777974 19 17
1891.84285 19 17
1892.226654 19 17
1893.203196 19 17
1894.324082 19 17
1895.316881 19 17
1897.81428 19 17
1900.952752 19 17
1901.144979 19 17
1901.224577 19 17
1901.28974 19 17
1901.315349 19 16
1902.201126 19 16
1903.21002 19 17
1904.202916 19 16
1905.243375 19 16
1906.252579 19 17
1907.245076 19 16
1908.206095 19 16
1909.23002 19 16
1910.222818 19 16
1911.264383 19 17
1912.208316 19 17
1913.201724 19 16
1914.209294 19 17
1916.883888 19 16
1916.955092 19 16
1917.252021 19 16
1917.492334 19 17
1920.886485 19 17
1920.952112 19 17
1921.206663 19 17
1922.215373 19 17
1923.208199 19 17
1924.216771 19 17
1925.257045 19 17
1926.458168 19 17
1927.259011 19 17
1929.820255 19 16
1929.890189 19 17
1930.316545 19 17
1931.245271 19 17
1932.206424 19 16
1933.246752 20 16
1934.271272 20 16
1935.200344 19 17
1936.273539 19 17
1937.265736 19 17
1937.506043 19 17
1939.234888 19 17
1940.211649 19 17
1942.773519 19 17
1942.966072 19 17
1943.206136 20 17
1944.2946 20 17
1945.207322 19 17
1946.21557 19 17
1947.272789 19 17
1951.403797 20 17
1951.468264 20 18
1951.526698 20 17
1951.53171 19 17
1952.235932 19 17
1953.197052 20 17
1954.221636 20 17
1955.213846 20 17
1956.206648 20 17
1957.327404 20 17
1957.535441 20 17
1959.249138 20 17
1960.225956 20 17
1961.218109 19 17
1962.226593 19 17
1963.203799 19 17
1964.212003 19 17
1965.220878 19 17
1966.197891 20 17
1967.302257 20 17
1968.231412 20 17
1969.223493 20 17
1970.21637 20 17
1971.224811 20 17
1972.217583 20 17
1973.226155 20 17
1974.202953 20 17
1975.211418 20 17
1976.205051 20 17
1977.197213 20 17
1977.437834 20 17
1979.262488 20 17
1980.239423 20 17
1981.231996 20 17
1982.225316 20 17
1983.216832 20 17
1984.225773 20 17
1985.202619 20 17
1986.194802 20 17
1987.20384 20 17
1988.2765 20 17
1989.269027 20 17
1990.213778 20 17
1991.20644 20 17
1992.19927 20 17
1993.207603 20 17
1994.21594 20 17
1995.20874 20 17
1996.201888 20 17
2003.486227 20 17
2003.562769 20 17
2003.563907 20 17
2003.627691 20 17
2003.630297 20 17
2003.693097 20 17
2005.839779 20 17
2005.911725 19 17
2006.336814 20 17
2007.200906 20 17
2008.209965 20 17
2009.37841 20 17
2010.275237 20 17
2011.251808 20 17
2015.366253 20 17
2015.434133 20 17
2015.435276 20 17
2015.501377 20 17
2016.343256 20 17
2017.255236 20 17
2017.448022 20 17
2019.209181 20 17
2020.249515 20 17
2021.226288 20 17
2022.203207 20 17
2023.211474 20 17
2024.220177 20 17
2025.212521 20 17
2026.205782 20 17
2028.959456 20 17
2029.030813 20 17
2029.215439 20 17
2030.240502 20 17
2031.281268 20 17
2032.257852 20 17
2033.218061 20 17
2034.210822 20 17
2035.203733 20 17
2036.211934 20 17
2037.220356 20 17
2037.445141 20 17
2039.206288 21 17
2040.278562 21 17
2041.287467 21 17
2042.264328 21 17
2043.240959 20 17
2044.233416 20 17
2045.20988 20 17
2046.21856 20 17
2047.211259 20 17
2048.20405 20 17
2049.196856 20 17
2050.221051 20 17
2051.246294 20 17
2052.238894 20 17
2053.215489 22 17
2054.239765 24 17
2055.264862 34 17
2056.209936 52 16
2057.217814 69 16
2057.457982 86 16
2059.21927 104 16
2060.212108 120 18
2061.205426 132 21
2062.277512 138 28
2094.603456 129 77
2094.731269 131 99
2094.806996 133 123
2094.810708 136 149
2094.872829 89 358
2095.274886 89 354
2096.268314 90 352
2097.212688 91 350
2117.850618 100 344
2117.97825 100 342
2118.046402 101 341
2118.073021 103 340
2118.111383 106 340
2118.176599 103 344
2118.177781 103 349
2119.339512 100 350
2120.204197 100 351
2133.749417 103 354
2163.577936 111 359
2165.163182 109 361
2176.403742 107 358
2177.988175 93 354
2179.573211 98 347
2185.865479 104 328
2187.434996 106 303
2189.020065 105 284
2190.605037 105 282
2192.190163 105 276
2203.189428 115 251
2256.570893 105 201
2278.506287 107 170
2278.826409 102 161
2282.188553 103 148
2283.981978 104 143
2290.43411 113 89
2293.78068 110 63
2302.97114 117 42
2304.555702 104 28
2306.14062 97 24
2309.279314 72 13
2310.960307 57 14
